<?xml version="1.0"?>
<opencv_storage>
<calibration_time>"2021年06月02日 星期三 10时55分32秒"</calibration_time>
<nr_of_frames>50</nr_of_frames>
<image_width>640</image_width>
<image_height>480</image_height>
<board_width>9</board_width>
<board_height>6</board_height>
<square_size>16.</square_size>
<fix_aspect_ratio>1.</fix_aspect_ratio>
<!-- flags: +fix_aspectRatio +fix_principal_point +zero_tangent_dist -->
<flags>14</flags>
<fisheye_model>0</fisheye_model>
<camera_matrix type_id="opencv-matrix">
  <rows>3</rows>
  <cols>3</cols>
  <dt>d</dt>
  <data>
    1.0051096200741623e+03 0. 3.1950000000000000e+02 0.
    1.0051096200741623e+03 2.3950000000000000e+02 0. 0. 1.</data></camera_matrix>
<distortion_coefficients type_id="opencv-matrix">
  <rows>5</rows>
  <cols>1</cols>
  <dt>d</dt>
  <data>
    2.3944968040864292e-01 -1.1753095739976285e+00 0. 0.
    -1.0658602828176447e+00</data></distortion_coefficients>
<avg_reprojection_error>2.1957064251405917e-01</avg_reprojection_error>
<per_view_reprojection_errors type_id="opencv-matrix">
  <rows>50</rows>
  <cols>1</cols>
  <dt>f</dt>
  <data>
    2.10949555e-01 2.12369785e-01 1.91896766e-01 2.02114210e-01
    2.29314089e-01 2.23318294e-01 2.40924150e-01 2.12073550e-01
    1.98453113e-01 2.23528966e-01 2.82664746e-01 2.43539333e-01
    2.50965863e-01 2.09657624e-01 2.41708279e-01 2.40024179e-01
    2.17615530e-01 2.56423563e-01 2.25605592e-01 2.60060877e-01
    2.17241675e-01 2.17090577e-01 2.15639159e-01 2.24552497e-01
    2.12402761e-01 1.82289422e-01 2.29039565e-01 2.23276347e-01
    2.14496970e-01 2.35741824e-01 2.10377753e-01 1.95936456e-01
    2.00418413e-01 2.20008925e-01 2.11898729e-01 2.19372526e-01
    2.06088752e-01 2.27046773e-01 2.09241942e-01 2.15645120e-01
    1.92064583e-01 2.28659511e-01 2.20433325e-01 2.27954060e-01
    1.83536366e-01 1.99493900e-01 2.02736080e-01 2.23109677e-01
    2.05325991e-01 1.90655112e-01</data></per_view_reprojection_errors>
<!-- a set of 6-tuples (rotation vector + translation vector) for each view -->
<extrinsic_parameters type_id="opencv-matrix">
  <rows>50</rows>
  <cols>6</cols>
  <dt>d</dt>
  <data>
    2.1440818620475366e-01 -7.3216813497108346e-02
    2.8280146870754107e-02 -1.1097722064802367e+02
    -8.8100931222465007e+01 5.2501790707063265e+02
    2.3681969154053073e-01 -7.7559771833954114e-02
    2.9843273243108748e-02 -1.1092931250987661e+02
    -8.8070181621248906e+01 5.2410216541594116e+02
    2.2453644706047893e-01 -8.4886861879458611e-02
    2.9029099911719002e-02 -1.1164559654977427e+02
    -8.8690815341464386e+01 5.2347658671464808e+02
    2.2710927625799121e-01 -7.8619887931499974e-02
    2.7598435493315691e-02 -1.1249842322958035e+02
    -8.8408570685279230e+01 5.2383857672452712e+02
    2.3754547628869810e-01 -8.0462281985751671e-02
    2.7429593286842135e-02 -1.1276434822865249e+02
    -8.8694393091037568e+01 5.2301337502225931e+02
    2.2699422020441282e-01 -7.1965851385034793e-02
    2.6802323052745797e-02 -1.1305505577310257e+02
    -8.9368285862582852e+01 5.2356061490342540e+02
    2.2204917957952977e-01 -6.4555048499261816e-02
    2.9492864015935462e-02 -1.1197847865470628e+02
    -8.8833721029814882e+01 5.2460020613047402e+02
    2.3824161267725089e-01 -9.4275163421035521e-02
    3.0724952574109586e-02 -1.1258381433335828e+02
    -8.9113537361044649e+01 5.2217931500645625e+02
    2.2018800164725560e-01 -8.5384119886976945e-02
    2.6651626953017104e-02 -1.1450618772093497e+02
    -8.8429602824571376e+01 5.2326280213076529e+02
    2.3308994509730882e-01 -8.2383322995660202e-02
    2.5529264030819655e-02 -1.1507137600578513e+02
    -8.8913119149896289e+01 5.2250258541030041e+02
    2.1982721586535431e-01 -6.4180494437743082e-02
    2.3666407141099431e-02 -1.1456385967524506e+02
    -8.8242495213511674e+01 5.2408242437395222e+02
    2.1391935106188226e-01 -6.5457541531094676e-02
    2.3887511859230510e-02 -1.1325480411875982e+02
    -8.6709344131722673e+01 5.2514076504932586e+02
    2.4506328319928736e-01 -7.3376987942883748e-02
    2.5802761471449127e-02 -1.1234803002856454e+02
    -8.5974970790338517e+01 5.2448378723936219e+02
    2.2868576865602827e-01 -6.9949275202269651e-02
    2.4235200423432125e-02 -1.1237845106319762e+02
    -8.7364825389557126e+01 5.2458005503006063e+02
    2.3326054979415212e-01 -6.8638533820929978e-02
    2.4295831009711222e-02 -1.1161224610446619e+02
    -8.7402741319474018e+01 5.2474203584248357e+02
    2.4054391714007153e-01 -6.2307291472802277e-02
    2.6860689458046413e-02 -1.0969914898516096e+02
    -8.8572811162738333e+01 5.2468651341640953e+02
    2.3591798138694306e-01 -6.6794851584303705e-02
    2.8599805457293747e-02 -1.0827663187083516e+02
    -8.8683266371157004e+01 5.2525426994074678e+02
    2.4589485706524206e-01 -7.8528795009629421e-02
    2.8368488258691638e-02 -1.0846700798017005e+02
    -8.9539058332456264e+01 5.2364226897924925e+02
    2.2804608907705490e-01 -6.8109396788969684e-02
    2.6631204350393303e-02 -1.0871147455697360e+02
    -8.9588233550983190e+01 5.2452558411654559e+02
    2.4648173789777342e-01 -6.8461277891414124e-02
    2.6502385311022735e-02 -1.0925267488499122e+02
    -9.0495971741492042e+01 5.2362825440501251e+02
    2.3337685265015984e-01 -7.0950972894056080e-02
    2.5974306907672683e-02 -1.0903498527842262e+02
    -9.1104098704307589e+01 5.2344259553307108e+02
    2.3669165701594183e-01 -6.8607542496031668e-02
    2.5730715121546940e-02 -1.0901118230843628e+02
    -9.0512740374568267e+01 5.2380004042160033e+02
    2.2363113924007946e-01 -7.0155428350679075e-02
    2.5459535227608337e-02 -1.0933457951773879e+02
    -9.0901330956304562e+01 5.2398961678519993e+02
    2.3551330141796334e-01 -6.7125856881246559e-02
    2.5426138738358885e-02 -1.0946912050642217e+02
    -9.0839582376741774e+01 5.2377698839091920e+02
    2.3069560548952656e-01 -7.5929509531193054e-02
    2.5707193875392085e-02 -1.0945649691441518e+02
    -9.0900564618630966e+01 5.2340902710920807e+02
    2.3605236202154270e-01 -7.2272518203453914e-02
    2.5191352523070074e-02 -1.1003610236992922e+02
    -9.0665860411567053e+01 5.2319723047945990e+02
    2.3104984413853308e-01 -6.9978291959607183e-02
    2.3865070627519747e-02 -1.1051578666328875e+02
    -9.0889322828862220e+01 5.2340659838392287e+02
    2.3317201831995166e-01 -7.2926195100792346e-02
    2.4351721398881143e-02 -1.1036104859987218e+02
    -9.0856691124391645e+01 5.2320976861435747e+02
    2.3352574815595448e-01 -7.2502743735759934e-02
    2.4360366192777264e-02 -1.1044406351602731e+02
    -9.1001746253106745e+01 5.2308923176516043e+02
    2.3376319675598958e-01 -6.8474682831844658e-02
    2.3965245862220066e-02 -1.1044100320830987e+02
    -9.0791335910888762e+01 5.2350941698854683e+02
    2.3169826320156003e-01 -6.6964308717237450e-02
    2.4240614322924077e-02 -1.1024065220887302e+02
    -9.0643618480615686e+01 5.2343093361084948e+02
    2.3237019934074876e-01 -7.2797818207898282e-02
    2.4552587549973137e-02 -1.1003723707115562e+02
    -9.0604085844953758e+01 5.2334337978010694e+02
    2.2528164482389157e-01 -6.8577245237075771e-02
    2.4338080368561874e-02 -1.0970457217012184e+02
    -9.0531377110699083e+01 5.2377453153131171e+02
    2.2737319397743813e-01 -7.0373096937966367e-02
    2.4381862740237653e-02 -1.0995173483760121e+02
    -9.0769014207483281e+01 5.2392529402337232e+02
    2.2640676658819389e-01 -6.4642626105444329e-02
    2.4208376008712802e-02 -1.0986302417266074e+02
    -9.0562247474264595e+01 5.2402045244811347e+02
    2.2545725447738216e-01 -6.9459127984699054e-02
    2.4533402331690386e-02 -1.0992457835957816e+02
    -8.9880007963583168e+01 5.2443244931375966e+02
    2.3215532249834833e-01 -7.0988718980185328e-02
    2.5246320733989355e-02 -1.0964422796162617e+02
    -8.9884004265538834e+01 5.2385431539900469e+02
    2.2196048270226099e-01 -6.6706910990937673e-02
    2.4751280720058676e-02 -1.1004544848836279e+02
    -8.9803271208279554e+01 5.2458666432213624e+02
    2.2735673982291982e-01 -6.7868079192254460e-02
