<?xml version="1.0"?>
<opencv_storage>
<calibration_time>"2021年06月05日 星期六 14时37分39秒"</calibration_time>
<nr_of_frames>50</nr_of_frames>
<image_width>640</image_width>
<image_height>480</image_height>
<board_width>9</board_width>
<board_height>6</board_height>
<square_size>21.</square_size>
<fix_aspect_ratio>1.</fix_aspect_ratio>
<!-- flags: +fix_aspectRatio +fix_principal_point +zero_tangent_dist -->
<flags>14</flags>
<fisheye_model>0</fisheye_model>
<camera_matrix type_id="opencv-matrix">
  <rows>3</rows>
  <cols>3</cols>
  <dt>d</dt>
  <data>
    9.3062850267408010e+02 0. 3.1950000000000000e+02 0.
    9.3062850267408010e+02 2.3950000000000000e+02 0. 0. 1.</data></camera_matrix>
<distortion_coefficients type_id="opencv-matrix">
  <rows>5</rows>
  <cols>1</cols>
  <dt>d</dt>
  <data>
    6.6651233850209490e-02 -5.9409843575265364e-01 0. 0.
    1.4144775110482768e+00</data></distortion_coefficients>
<avg_reprojection_error>2.6786148503624879e-01</avg_reprojection_error>
<per_view_reprojection_errors type_id="opencv-matrix">
  <rows>50</rows>
  <cols>1</cols>
  <dt>f</dt>
  <data>
    1.95010245e-01 2.82328367e-01 2.05398396e-01 2.02532530e-01
    4.42800820e-01 2.81489849e-01 3.34280819e-01 2.18846098e-01
    3.65590096e-01 2.24076688e-01 4.94015038e-01 2.82245755e-01
    3.40094656e-01 1.98994562e-01 2.27812499e-01 2.04087391e-01
    1.77849233e-01 2.03699797e-01 2.67039597e-01 1.97709471e-01
    3.27274382e-01 2.32538640e-01 2.65863657e-01 2.11829245e-01
    2.06938386e-01 2.33645499e-01 1.90126687e-01 2.06304222e-01
    1.85799733e-01 2.04970375e-01 1.85426980e-01 1.98396251e-01
    1.99494630e-01 1.90861955e-01 1.87274873e-01 2.25239202e-01
    2.42313400e-01 4.47302610e-01 3.93487573e-01 4.41040128e-01
    3.98292035e-01 2.04469353e-01 1.97486430e-01 2.25553796e-01
    2.07979575e-01 2.10848942e-01 2.74557054e-01 2.02063873e-01
    2.52766341e-01 2.83248842e-01</data></per_view_reprojection_errors>
<!-- a set of 6-tuples (rotation vector + translation vector) for each view -->
<extrinsic_parameters type_id="opencv-matrix">
  <rows>50</rows>
  <cols>6</cols>
  <dt>d</dt>
  <data>
    1.7691578039792732e-01 2.4941014074934469e-02
    -1.6109833477919319e-02 -1.0419471693755845e+02
    -4.8445092109944603e+01 3.7194161925517852e+02
    1.6760207956901876e-01 2.2379142204273901e-02
    -1.5922633561161206e-02 -1.0454145608212863e+02
    -4.7659698792466706e+01 3.7236741698710603e+02
    1.7784741057797646e-01 2.6140527475698869e-02
    -1.6965956147335821e-02 -1.0457535670324239e+02
    -4.7535888238927441e+01 3.7237664605269453e+02
    1.8007834070143777e-01 2.4965710839633285e-02
    -1.6835863407017069e-02 -1.0466971608450611e+02
    -4.7766138892910753e+01 3.7205736582834680e+02
    1.8422156913942123e-01 3.7809589707371367e-02
    -1.7625309707024854e-02 -1.0344071208241152e+02
    -4.7848253514322529e+01 3.7268550450030534e+02
    1.8269118536417212e-01 2.3330760525444628e-02
    -1.3541719589884368e-02 -1.0266062394170936e+02
    -4.8348908353090302e+01 3.7199608907635974e+02
    1.9334474526743392e-01 3.0418651860788081e-02
    -1.4629035540916135e-02 -1.0233707777245054e+02
    -5.0500694191795851e+01 3.7115132791009842e+02
    1.7623288315834901e-01 3.1677222443957098e-02
    -1.2519607444715712e-02 -1.0099689214186459e+02
    -5.0433871870445451e+01 3.7191613604112558e+02
    1.9911087928769200e-01 2.9901831941914696e-02
    -1.3169404974706362e-02 -1.0155132964238119e+02
    -5.0715538985612049e+01 3.7087244696120314e+02
    1.8477684832979516e-01 2.6634508454281770e-02
    -1.2206114238212636e-02 -1.0194943624221366e+02
    -5.3012601729869857e+01 3.7006130681440447e+02
    1.6792595196530966e-01 1.8548768204038418e-02
    -1.2666155124768458e-02 -1.0410591839354738e+02
    -5.1798006894526786e+01 3.7030999432671018e+02
    1.8454603489551244e-01 3.0749608120128332e-02
    -1.5917052857251698e-02 -1.0440535419607374e+02
    -5.0355680419533797e+01 3.7092540326110912e+02
    1.8855060345579105e-01 3.6078744778591208e-02
    -1.4565860812123375e-02 -1.0219124132695235e+02
    -5.0724729415672321e+01 3.7139061338726793e+02
    1.8027395577867056e-01 2.9732815711164567e-02
    -1.2552249892121442e-02 -1.0169589237162306e+02
    -5.1105885228127462e+01 3.7135723826129862e+02
    1.8562170403089875e-01 2.5150676004360661e-02
    -1.3042374349607297e-02 -1.0243410954463009e+02
    -5.1206741159316408e+01 3.7084569799599257e+02
    1.8182773060457946e-01 2.7796913807279423e-02
    -1.4198210651766983e-02 -1.0311736447654221e+02
    -5.0949788069595606e+01 3.7098778183992471e+02
    1.8298023203169847e-01 2.7903770310475962e-02
    -1.3888420760544190e-02 -1.0267510674397332e+02
    -5.0656437403795870e+01 3.7116188198357418e+02
    1.8310244478787768e-01 2.4822381889269676e-02
    -1.3739847197859791e-02 -1.0304739338121161e+02
    -5.0981239950893908e+01 3.7089787165639387e+02
    1.9217491014525212e-01 3.0843102075185830e-02
    -1.4829368020546614e-02 -1.0291292150514018e+02
    -5.1669345110448631e+01 3.7058829880730934e+02
    1.8359465442911174e-01 2.7297942416748801e-02
    -1.3140959420976281e-02 -1.0226734741760896e+02
    -5.1835724597366806e+01 3.7071110359444560e+02
    1.7765648436172077e-01 1.9717404892225478e-02
    -1.3165437214489381e-02 -1.0348518433711523e+02
    -5.1472013435288581e+01 3.7053796456155413e+02
    1.7870046062040737e-01 2.6947764841246013e-02
    -1.5972788917880690e-02 -1.0461006870573262e+02
    -5.0616905960670131e+01 3.7092357546780107e+02
    1.8418100681806657e-01 3.1170860928476988e-02
    -1.5979815876458695e-02 -1.0392140030318382e+02
    -5.0021925695649301e+01 3.7132869244492838e+02
    1.8006098086605585e-01 2.4025224873622804e-02
    -1.4096240237250488e-02 -1.0336221346147131e+02
    -5.0336082918714702e+01 3.7124667233111120e+02
    1.8263919543873947e-01 2.3010126330815766e-02
    -1.4718531989271486e-02 -1.0404079980340575e+02
    -5.0541579506026672e+01 3.7084359640363755e+02
    1.7875082736604028e-01 2.7648348719462004e-02
    -1.5618623599581627e-02 -1.0429507893701445e+02
    -5.0384039781708310e+01 3.7104869483369595e+02
    1.8063429014879556e-01 2.5509315730506139e-02
    -1.5108600937224746e-02 -1.0403438911583554e+02
    -4.9784766815116889e+01 3.7122798429507986e+02
    1.8420609802073179e-01 2.3362142038407557e-02
    -1.4815059201445607e-02 -1.0403681413014364e+02
    -5.0277033943196280e+01 3.7091924662088928e+02
    1.8195552304073570e-01 2.5300898290817983e-02
    -1.5314144767806522e-02 -1.0438559332422803e+02
    -5.0460980848279533e+01 3.7088315140415318e+02
    1.7923149964728402e-01 2.5417361389727722e-02
    -1.5389842623405979e-02 -1.0441924195028763e+02
    -5.0113542084938722e+01 3.7111384629545398e+02
    1.8046860687515379e-01 2.6434082113221759e-02
    -1.5459876636545100e-02 -1.0418175666139791e+02
    -4.9972668416470924e+01 3.7130987525529872e+02
    1.7850535338230200e-01 2.7036588731056396e-02
    -1.5524589318977360e-02 -1.0419685562443838e+02
    -4.9804314526938256e+01 3.7144103412588049e+02
    1.7781532997436095e-01 2.5621643664806956e-02
    -1.5217837700686715e-02 -1.0402844407831162e+02
    -4.9346281589051706e+01 3.7155743698015516e+02
    1.8004363014450789e-01 2.6088863945504123e-02
    -1.5547869114783321e-02 -1.0426655563796150e+02
    -4.9251494993670015e+01 3.7163160753880703e+02
    1.8047210005319908e-01 2.4475152873096494e-02
    -1.5358731977536923e-02 -1.0432926398273399e+02
    -4.9300514136054481e+01 3.7139865452103868e+02
    1.7397883723646293e-01 2.4450509445449940e-02
    -1.5334881568005757e-02 -1.0447691260124981e+02
    -4.9004062038404790e+01 3.7162070129358938e+02
    1.8304170419049737e-01 1.9646667414400250e-02
    -1.5070390672776266e-02 -1.0486256424420996e+02
    -4.8964121583304340e+01 3.7110349162913792e+02
    1.6995522651200179e-01 1.0984911484255786e-02
    -1.4827831828060099e-02 -1.0632715789514103e+02
    -4.9268616421615519e+01 3.7073925143078293e+02
    1.6543434780414384e-01 8.6016288133081830e-03
